1:2,3,5
2:1,3,4
3:1,2,4
4:2,3
5:1,6,7
6:11,10,9,8,7,5
7:5,6,8,16
8:6,7,9,17,16
9:10,6,8,17
10:9,6,11,14,15
11:12,13,14,10,6
12:11,13
13:11,12,14,15,39
14:11,13,15,10
15:10,13,14
16:7,8,17,23,24,26
17:8,9,16,23,21,18
18:19,20,21,17
19:18,20,37
20:18,19,21,22
21:17,18,20,22,23
22:20,21,23,25
23:16,17,21,22,24,25
24:16,23,25,26
25:22,23,24,26,29,30
26:16,24,25,27,28,29
27:26,28
28:26,27,29
29:25,26,28
30:25,31,32,33
31:30,32
32:30:31,33
33:30,32,34
34:33,35,41
35:34,36,41,42
36:35,37,42
37:19,36,38,42
38:37,39,40,42
39:13,40,38
40:41,42,38,39
41:40,42,35,34
42:35,36,37,38,40,41